1 2
1 3
1 4
1 5
1 6
1 7
1 8
1 9
1 10
1 11
1 12
1 13
1 14
1 15
1 16
1 17
1 18
1 19
1 20
1 21
1 22
1 23
1 24
1 25
1 26
1 27
1 28
1 29
1 30
1 31
2 3
2 4
2 6
2 7
2 8
2 9
2 10
2 11
2 13
2 16
2 18
2 19
2 20
2 22
2 24
2 32
2 33
2 34
2 35
2 36
2 37
2 38
3 4
3 6
3 7
3 8
3 9
3 11
3 12
3 13
3 16
3 18
3 19
3 20
3 21
3 22
3 23
3 27
3 28
3 34
3 39
3 40
3 41
3 42
3 43
3 44
3 45
3 46
3 47
3 48
3 49
3 50
3 51
3 52
3 53
3 54
3 55
3 56
4 11
4 22
4 46
4 57
4 58
4 59
4 60
4 61
4 62
4 63
4 64
4 65
4 66
4 67
4 68
4 69
4 70
4 71
4 72
5 6
5 13
5 73
5 74
5 75
5 76
5 77
5 78
5 79
6 7
6 8
6 13
6 16
6 18
6 22
6 27
6 28
6 34
6 80
6 81
6 82
6 83
6 84
6 85
6 86
6 87
7 9
7 10
7 13
7 15
7 16
7 19
7 22
7 28
7 76
7 88
7 89
7 90
7 91
7 92
7 93
7 94
7 95
7 96
7 97
7 98
7 99
7 100
8 22
8 28
9 10
9 13
9 16
9 21
9 22
9 24
9 30
9 41
10 16
10 24
10 30
10 34
10 70
11 18
11 19
11 20
11 22
11 25
11 27
11 45
11 73
12 84
13 14
13 16
13 18
13 22
13 24
13 28
13 45
13 69
13 76
14 15
14 16
14 24
14 33
14 34
14 80
15 23
15 33
15 34
15 76
15 93
16 24
16 30
16 33
16 34
16 56
16 77
17 24
17 34
18 19
18 21
18 22
18 23
18 25
18 26
18 27
18 38
18 39
19 20
19 27
19 38
19 41
19 70
19 82
19 86
20 22
20 41
20 43
20 50
20 81
21 23
21 25
21 39
21 40
21 41
21 46
21 47
21 50
21 54
21 55
21 59
21 91
22 27
22 32
22 38
23 25
23 38
23 39
23 42
23 43
23 44
23 45
23 46
23 50
23 54
23 80
23 97
24 30
24 33
24 34
24 58
24 70
25 26
25 39
25 60
25 62
27 38
27 70
27 86
27 95
28 34
30 34
30 49
31 45
31 54
33 34
34 55
34 70
38 51
39 41
39 42
39 43
39 45
39 46
39 50
39 52
40 42
40 46
40 47
40 49
40 54
40 55
40 56
40 58
41 46
41 47
41 48
41 50
41 51
41 54
41 62
41 87
41 94
42 44
42 45
42 50
42 84
43 46
44 52
45 50
45 54
45 73
46 48
46 52
46 57
46 58
46 59
46 62
46 64
46 66
46 68
46 69
46 71
46 72
46 81
49 54
49 55
49 56
49 76
49 79
49 92
50 52
50 81
51 54
51 56
52 81
53 72
54 76
54 87
55 56
56 77
57 58
57 59
57 62
57 64
57 65
57 66
57 69
57 72
58 59
58 62
58 64
58 66
58 67
58 69
58 72
59 62
59 64
59 66
59 69
59 71
59 72
61 64
61 68
62 63
62 64
62 66
62 67
62 71
62 72
63 71
64 65
64 68
64 69
64 72
64 90
65 68
65 90
66 69
66 71
66 72
68 69
68 90
69 72
69 90
70 82
73 89
76 80
76 84
80 85
81 94
82 94
86 94
86 95
88 92
89 93
94 99
96 100