1 2
1 3
1 4
1 5
1 6
1 7
1 8
1 9
1 10
1 11
1 12
1 13
1 14
1 15
1 16
1 17
1 18
1 19
1 20
1 21
1 22
1 23
1 24
1 25
1 26
1 27
1 28
1 29
1 30
1 31
1 32
1 33
1 34
1 35
1 36
1 37
1 38
1 65
1 66
1 67
1 68
1 69
1 70
1 71
1 72
1 73
1 74
1 75
1 76
1 77
1 78
1 79
1 80
1 81
1 82
1 83
1 84
1 85
1 86
1 87
1 88
1 89
1 90
1 91
1 92
1 93
1 94
1 95
1 96
1 97
1 98
1 99
1 100
2 3
2 4
2 5
2 6
2 7
2 8
2 9
2 10
2 11
2 12
2 13
2 14
2 15
2 16
2 17
2 18
2 19
2 20
2 21
2 22
2 23
2 55
2 56
2 57
2 58
2 59
2 60
2 61
2 62
2 63
2 64
3 4
3 5
3 6
3 7
3 8
3 9
3 10
3 11
3 12
3 13
3 14
3 15
3 16
3 49
3 50
3 51
3 52
3 53
3 54
4 5
4 6
4 7
4 8
4 9
4 10
4 11
4 12
4 13
4 46
4 47
4 48
5 6
5 7
5 8
5 9
5 10
5 43
5 44
5 45
6 7
6 8
6 9
6 42
7 40
7 41
8 39
9 38
10 37
11 36
12 35
13 34
14 33
15 32
16 31
17 30
18 29
19 28
20 27
21 26
22 25
23 24